760.19 -277.94 700.21
760.19 -274.29 696.79
760.20 -270.64 693.37
760.20 -266.99 689.95
760.20 -263.35 686.53
760.20 -259.70 683.11
760.20 -256.05 679.69
760.20 -252.40 676.27
760.21 -248.76 672.85
760.21 -245.11 669.43
760.67 -281.72 696.94
760.67 -278.08 693.52
760.67 -274.43 690.10
760.67 -270.78 686.68
760.67 -267.13 683.26
760.67 -263.49 679.84
760.68 -259.84 676.42
760.68 -256.19 673.00
760.68 -252.55 669.58
760.68 -248.90 666.16
760.68 -245.25 662.74
760.68 -241.60 659.32
761.14 -288.71 696.66
761.14 -285.06 693.24
761.14 -281.41 689.82
761.14 -277.76 686.40
761.14 -274.12 682.98
761.15 -270.47 679.56
761.15 -266.82 676.14
761.15 -263.18 672.72
761.15 -259.53 669.30
761.15 -255.88 665.88
761.15 -252.23 662.46
761.16 -248.59 659.04
761.16 -244.94 655.62
761.16 -241.29 652.20
761.16 -237.65 648.78
761.61 -294.82 695.57
761.61 -291.17 692.15
761.61 -287.52 688.73
761.62 -283.88 685.31
761.62 -280.23 681.89
761.62 -276.58 678.47
761.62 -272.94 675.05
761.62 -269.29 671.63
761.62 -265.64 668.21
761.63 -261.99 664.79
761.63 -258.35 661.37
761.63 -254.70 657.95
761.63 -251.05 654.53
761.63 -247.41 651.11
761.63 -243.76 647.69
761.64 -240.11 644.27
762.08 -300.24 693.83
762.08 -296.59 690.41
762.09 -292.94 686.99
762.09 -289.29 683.57
762.09 -285.65 680.15
762.09 -282.00 676.73
762.09 -278.35 673.31
762.09 -274.71 669.89
762.10 -271.06 666.47
762.10 -267.41 663.05
762.10 -263.76 659.63
762.10 -260.12 656.21
762.10 -256.47 652.78
762.11 -252.82 649.36
762.11 -249.18 645.94
762.11 -245.53 642.52
762.11 -241.88 639.10
762.11 -238.23 635.68
762.55 -311.02 697.12
762.55 -307.37 693.70
762.56 -303.72 690.27
762.56 -300.08 686.85
762.56 -296.43 683.43
762.56 -292.78 680.01
762.56 -289.14 676.59
762.56 -285.49 673.17
762.57 -281.84 669.75
762.57 -278.19 666.33
762.57 -274.55 662.91
762.57 -270.90 659.49
762.57 -267.25 656.07
762.58 -263.61 652.65
762.58 -259.96 649.23
762.58 -256.31 645.81
762.58 -252.66 642.39
762.58 -249.02 638.97
762.58 -245.37 635.55
762.59 -241.72 632.13
762.59 -238.08 628.71
763.02 -317.51 696.38
763.03 -313.87 692.96
763.03 -310.22 689.54
763.03 -306.57 686.12
763.03 -302.92 682.70
763.03 -299.28 679.28
763.04 -295.63 675.86
763.04 -291.98 672.44
763.04 -288.34 669.02
763.04 -284.69 665.60
763.04 -281.04 662.18
763.04 -277.39 658.76
763.05 -273.75 655.34
763.05 -270.10 651.92
763.05 -266.45 648.50
763.05 -262.80 645.08
763.05 -259.16 641.66
763.05 -255.51 638.24
763.06 -251.86 634.82
763.06 -248.22 631.40
763.06 -244.57 627.98
763.06 -240.92 624.56
763.50 -320.92 692.75
763.50 -317.27 689.33
763.50 -313.62 685.91
763.50 -309.98 682.49
763.51 -306.33 679.07
763.51 -302.68 675.65
763.51 -299.03 672.23
763.51 -295.39 668.81
763.51 -291.74 665.39
763.51 -288.09 661.97
763.52 -284.45 658.55
763.52 -280.80 655.13
763.52 -277.15 651.71
763.52 -273.50 648.29
763.52 -269.86 644.87
763.52 -266.21 641.45
763.53 -262.56 638.03
763.53 -258.92 634.61
763.53 -255.27 631.19
763.53 -251.62 627.77
763.53 -247.97 624.35
763.53 -244.33 620.93
763.54 -240.68 617.51
763.97 -325.01 689.76
763.97 -321.36 686.34
763.97 -317.71 682.92
763.98 -314.07 679.50
763.98 -310.42 676.08
763.98 -306.77 672.66
763.98 -303.13 669.24
763.98 -299.48 665.82
763.99 -295.83 662.40
763.99 -292.18 658.98
763.99 -288.54 655.56
763.99 -284.89 652.14
763.99 -281.24 648.72
763.99 -277.60 645.30
764.00 -273.95 641.88
764.00 -270.30 638.46
764.00 -266.65 635.04
764.00 -263.01 631.62
764.00 -259.36 628.20
764.00 -255.71 624.78
764.01 -252.07 621.36
764.01 -248.42 617.94
764.01 -244.77 614.52
764.01 -241.12 611.10
764.44 -328.41 686.13
764.45 -324.77 682.71
764.45 -321.12 679.29
764.45 -317.47 675.87
764.45 -313.83 672.45
764.45 -310.18 669.03
764.46 -306.53 665.61
764.46 -302.88 662.19
764.46 -299.24 658.77
764.46 -295.59 655.35
764.46 -291.94 651.93
764.46 -288.30 648.51
764.47 -284.65 645.09
764.47 -281.00 641.67
764.47 -277.35 638.25
764.47 -273.71 634.83
764.47 -270.06 631.41
764.47 -266.41 627.99
764.48 -262.77 624.57
764.48 -259.12 621.15
764.48 -255.47 617.73
764.48 -251.82 614.31
764.48 -248.18 610.89
764.49 -244.53 607.47
764.49 -240.88 604.05
764.92 -330.98 681.72
764.92 -327.33 678.29
764.92 -323.68 674.87
764.92 -320.04 671.45
764.93 -316.39 668.03
764.93 -312.74 664.61
764.93 -309.10 661.19
764.93 -305.45 657.77
764.93 -301.80 654.35
764.93 -298.15 650.93
764.94 -294.51 647.51
764.94 -290.86 644.09
764.94 -287.21 640.67
764.94 -283.57 637.25
764.94 -279.92 633.83
764.95 -276.27 630.41
764.95 -272.62 626.99
764.95 -268.98 623.57
764.95 -265.33 620.15
764.95 -261.68 616.73
764.95 -258.04 613.31
764.96 -254.39 609.89
764.96 -250.74 606.47
764.96 -247.09 603.05
765.39 -335.61 679.23
765.86 -340.42 676.92
766.34 -343.82 673.29
766.34 -340.17 669.87
766.81 -346.72 669.18
767.29 -347.11 662.73
767.29 -343.47 659.31
767.76 -347.54 656.31
767.76 -343.90 652.89
767.77 -340.25 649.47
768.24 -343.80 645.97
768.24 -340.15 642.55
768.24 -336.50 639.13
768.24 -332.85 635.71
768.72 -339.16 634.80
769.19 -343.13 631.70
769.66 -347.86 629.31
770.14 -351.51 625.91
770.61 -354.92 622.28
771.08 -357.95 618.30
