760.04 -277.67 399.95
760.04 -274.02 396.53
760.05 -270.37 393.11
760.05 -266.72 389.69
760.05 -263.08 386.27
760.05 -259.43 382.85
760.05 -255.78 379.43
760.06 -252.14 376.01
760.06 -248.49 372.59
760.06 -244.84 369.17
760.52 -281.77 396.98
760.52 -278.12 393.56
760.52 -274.48 390.14
760.52 -270.83 386.72
760.52 -267.18 383.29
760.53 -263.54 379.87
760.53 -259.89 376.45
760.53 -256.24 373.03
760.53 -252.59 369.61
760.53 -248.95 366.19
760.53 -245.30 362.77
760.54 -241.65 359.35
760.99 -288.47 396.43
760.99 -284.82 393.01
760.99 -281.17 389.59
760.99 -277.53 386.17
761.00 -273.88 382.75
761.00 -270.23 379.33
761.00 -266.59 375.91
761.00 -262.94 372.49
761.00 -259.29 369.07
761.00 -255.64 365.65
761.01 -252.00 362.23
761.01 -248.35 358.81
761.01 -244.70 355.39
761.01 -241.06 351.97
761.46 -294.90 395.64
761.46 -291.25 392.22
761.46 -287.61 388.80
761.47 -283.96 385.38
761.47 -280.31 381.96
761.47 -276.66 378.54
761.47 -273.02 375.12
761.47 -269.37 371.70
761.47 -265.72 368.28
761.48 -262.08 364.86
761.48 -258.43 361.44
761.48 -254.78 358.02
761.48 -251.13 354.60
761.48 -247.49 351.18
761.49 -243.84 347.76
761.49 -240.19 344.34
761.93 -300.15 393.74
761.94 -296.51 390.32
761.94 -292.86 386.90
761.94 -289.21 383.48
761.94 -285.57 380.06
761.94 -281.92 376.64
761.94 -278.27 373.22
761.95 -274.62 369.80
761.95 -270.98 366.38
761.95 -267.33 362.96
761.95 -263.68 359.54
761.95 -260.04 356.12
761.95 -256.39 352.70
761.96 -252.74 349.28
761.96 -249.09 345.86
761.96 -245.45 342.44
761.96 -241.80 339.02
761.96 -238.15 335.60
762.40 -311.01 397.10
762.41 -307.36 393.68
762.41 -303.71 390.26
762.41 -300.07 386.84
762.41 -296.42 383.42
762.41 -292.77 380.00
762.41 -289.13 376.58
762.42 -285.48 373.16
762.42 -281.83 369.74
762.42 -278.18 366.32
762.42 -274.54 362.90
762.42 -270.89 359.48
762.42 -267.24 356.06
762.43 -263.60 352.64
762.43 -259.95 349.22
762.43 -256.30 345.80
762.43 -252.65 342.37
762.43 -249.01 338.95
762.43 -245.36 335.53
762.44 -241.71 332.11
762.44 -238.07 328.69
762.88 -317.40 396.27
762.88 -313.76 392.85
762.88 -310.11 389.43
762.88 -306.46 386.01
762.88 -302.82 382.59
762.88 -299.17 379.17
762.89 -295.52 375.75
762.89 -291.87 372.33
762.89 -288.23 368.91
762.89 -284.58 365.49
762.89 -280.93 362.07
762.89 -277.29 358.65
762.90 -273.64 355.23
762.90 -269.99 351.81
762.90 -266.34 348.39
762.90 -262.70 344.97
762.90 -259.05 341.55
762.91 -255.40 338.13
762.91 -251.76 334.71
762.91 -248.11 331.29
762.91 -244.46 327.87
762.91 -240.81 324.45
763.35 -320.81 392.64
763.35 -317.16 389.22
763.35 -313.51 385.80
763.35 -309.87 382.38
763.36 -306.22 378.96
763.36 -302.57 375.54
763.36 -298.93 372.12
763.36 -295.28 368.70
763.36 -291.63 365.28
763.36 -287.98 361.86
763.37 -284.34 358.44
763.37 -280.69 355.02
763.37 -277.04 351.60
763.37 -273.40 348.18
763.37 -269.75 344.76
763.38 -266.10 341.34
763.38 -262.45 337.92
763.38 -258.81 334.50
763.38 -255.16 331.08
763.38 -251.51 327.66
763.38 -247.87 324.24
763.39 -244.22 320.82
763.39 -240.57 317.40
763.82 -324.02 388.83
763.82 -320.37 385.41
763.83 -316.72 381.99
763.83 -313.08 378.57
763.83 -309.43 375.15
763.83 -305.78 371.73
763.83 -302.14 368.31
763.83 -298.49 364.89
763.84 -294.84 361.47
763.84 -291.19 358.05
763.84 -287.55 354.63
763.84 -283.90 351.20
763.84 -280.25 347.78
763.85 -276.61 344.36
763.85 -272.96 340.94
763.85 -269.31 337.52
763.85 -265.66 334.10
763.85 -262.02 330.68
763.85 -258.37 327.26
763.86 -254.72 323.84
763.86 -251.08 320.42
763.86 -247.43 317.00
763.86 -243.78 313.58
763.86 -240.13 310.16
764.30 -327.44 385.22
764.30 -323.80 381.80
764.30 -320.15 378.38
764.30 -316.50 374.96
764.30 -312.86 371.54
764.30 -309.21 368.12
764.31 -305.56 364.70
764.31 -301.91 361.27
764.31 -298.27 357.85
764.31 -294.62 354.43
764.31 -290.97 351.01
764.32 -287.33 347.59
764.32 -283.68 344.17
764.32 -280.03 340.75
764.32 -276.38 337.33
764.32 -272.74 333.91
764.32 -269.09 330.49
764.33 -265.44 327.07
764.33 -261.80 323.65
764.33 -258.15 320.23
764.33 -254.50 316.81
764.33 -250.85 313.39
764.33 -247.21 309.97
764.34 -243.56 306.55
764.77 -330.92 381.65
764.77 -327.27 378.23
764.77 -323.62 374.81
764.78 -319.97 371.39
764.78 -316.33 367.97
764.78 -312.68 364.55
764.78 -309.03 361.13
764.78 -305.39 357.71
764.78 -301.74 354.29
764.79 -298.09 350.87
764.79 -294.44 347.45
764.79 -290.80 344.03
764.79 -287.15 340.61
764.79 -283.50 337.19
764.79 -279.86 333.76
764.80 -276.21 330.34
764.80 -272.56 326.92
764.80 -268.91 323.50
764.80 -265.27 320.08
764.80 -261.62 316.66
764.80 -257.97 313.24
764.81 -254.33 309.82
764.81 -250.68 306.40
764.81 -247.03 302.98
765.24 -334.68 378.36
765.72 -340.10 376.61
766.19 -343.51 372.98
766.66 -346.24 368.72
767.14 -347.83 363.39
767.14 -344.18 359.97
767.14 -340.53 356.55
767.61 -344.96 353.88
767.62 -341.32 350.46
767.62 -337.67 347.04
767.62 -334.02 343.62
768.09 -341.61 343.91
768.09 -337.96 340.49
768.09 -334.31 337.07
768.57 -335.98 331.81
769.04 -342.66 331.25
769.51 -347.43 328.90
769.99 -350.99 325.41
770.46 -354.40 321.78
770.93 -357.26 317.64
771.41 -359.93 313.32
